In := cm10 = {{0, 1, 1, 0, 0, 0, 0, 0, 0, 0}, {1, 0, 1, 0, 0, 0, 0, 0, 0, 0}, {0, 0, 0, 1, 1, 0, 0, 0, 0, 0}, {0, 1, 1, 0, 1, 0, 0, 0, 0, 0}, {0, 0, 0, 0, 0, 1, 0, 0, 0, 0}, {0, 0, 0, 0, 1, 0, 1, 0, 0, 0}, {0, 0, 0, 0, 0, 1, 0, 0, 0, 0}, {1, 0, 0, 0, 0, 0, 0, 0, 1, 0}, {0, 1, 0, 0, 0, 0, 0, 0, 0, 1}, {0, 0, 1, 1, 0, 0, 1, 1, 0, 0}}
In := dyn10 = {"AND", "OR", "XOR", "KOFN", "NOR", "XNOR", "NOT", "IMPLIES", "NIMPLIES", "MAJORITY"}
In := params10 = <|4 -> <|"k" -> 2|>, 8 -> <|"pair" -> {1, 9}|>, 9 -> <|"pair" -> {2, 10}|>|>

(* Distinct reachable outputs after one synchronous update *)
In := imageStates10 = {{0, 0, 0, 0, 1, 1, 1, 1, 0, 0}, {0, 1, 0, 0, 1, 1, 1, 0, 0, 0}, {0, 0, 0, 0, 1, 1, 1, 1, 1, 0}, {0, 1, 0, 0, 1, 1, 1, 0, 1, 0}, {0, 1, 0, 0, 1, 1, 1, 1, 0, 0}, {1, 1, 0, 1, 1, 1, 1, 1, 1, 0}, {1, 1, 0, 1, 1, 1, 1, 0, 1, 0}, {0, 0, 1, 0, 1, 1, 1, 1, 0, 0}, {0, 1, 1, 0, 1, 1, 1, 0, 0, 0}, {0, 0, 1, 0, 1, 1, 1, 1, 1, 0}, {0, 1, 1, 0, 1, 1, 1, 0, 1, 0}, {0, 1, 1, 0, 1, 1, 1, 1, 0, 0}, {1, 1, 1, 1, 1, 1, 1, 1, 1, 0}, {1, 1, 1, 1, 1, 1, 1, 0, 1, 0}, {0, 0, 1, 0, 1, 0, 1, 1, 0, 0}, {0, 1, 1, 0, 1, 0, 1, 0, 0, 0}, {0, 0, 1, 1, 1, 0, 1, 1, 1, 0}, {0, 1, 1, 1, 1, 0, 1, 0, 1, 0}, {0, 1, 1, 1, 1, 0, 1, 1, 0, 0}, {0, 1, 1, 1, 1, 0, 1, 0, 0, 0}, {1, 1, 1, 1, 1, 0, 1, 1, 1, 0}, {1, 1, 1, 1, 1, 0, 1, 0, 1, 0}, {0, 0, 0, 0, 1, 0, 1, 1, 0, 0}, {0, 1, 0, 0, 1, 0, 1, 0, 0, 0}, {0, 0, 0, 1, 1, 0, 1, 1, 1, 0}, {0, 1, 0, 1, 1, 0, 1, 0, 1, 0}, {0, 1, 0, 1, 1, 0, 1, 1, 0, 0}, {0, 1, 0, 1, 1, 0, 1, 0, 0, 0}, {1, 1, 0, 1, 1, 0, 1, 1, 1, 0}, {1, 1, 0, 1, 1, 0, 1, 0, 1, 0}, {0, 0, 0, 0, 0, 1, 0, 1, 0, 0}, {0, 1, 0, 0, 0, 1, 0, 0, 0, 0}, {0, 0, 0, 0, 0, 1, 0, 1, 1, 0}, {0, 1, 0, 0, 0, 1, 0, 0, 1, 0}, {0, 1, 0, 0, 0, 1, 0, 1, 0, 0}, {1, 1, 0, 1, 0, 1, 0, 1, 1, 0}, {1, 1, 0, 1, 0, 1, 0, 0, 1, 0}, {0, 0, 1, 0, 0, 1, 0, 1, 0, 0}, {0, 1, 1, 0, 0, 1, 0, 0, 0, 0}, {0, 0, 1, 0, 0, 1, 0, 1, 1, 0}, {0, 1, 1, 0, 0, 1, 0, 0, 1, 0}, {0, 1, 1, 0, 0, 1, 0, 1, 0, 0}, {1, 1, 1, 1, 0, 1, 0, 1, 1, 0}, {1, 1, 1, 1, 0, 1, 0, 0, 1, 0}, {0, 0, 1, 0, 0, 0, 0, 1, 0, 0}, {0, 1, 1, 0, 0, 0, 0, 0, 0, 0}, {0, 0, 1, 1, 0, 0, 0, 1, 1, 0}, {0, 1, 1, 1, 0, 0, 0, 0, 1, 0}, {0, 1, 1, 1, 0, 0, 0, 1, 0, 0}, {0, 1, 1, 1, 0, 0, 0, 0, 0, 0}, {1, 1, 1, 1, 0, 0, 0, 1, 1, 0}, {1, 1, 1, 1, 0, 0, 0, 0, 1, 0}, {0, 0, 0, 0, 0, 0, 0, 1, 0, 0}, {0, 1, 0, 0, 0, 0, 0, 0, 0, 0}, {0, 0, 0, 1, 0, 0, 0, 1, 1, 0}, {0, 1, 0, 1, 0, 0, 0, 0, 1, 0}, {0, 1, 0, 1, 0, 0, 0, 1, 0, 0}, {0, 1, 0, 1, 0, 0, 0, 0, 0, 0}, {1, 1, 0, 1, 0, 0, 0, 1, 1, 0}, {1, 1, 0, 1, 0, 0, 0, 0, 1, 0}, {0, 0, 0, 0, 1, 0, 1, 1, 1, 0}, {0, 1, 0, 0, 1, 0, 1, 0, 1, 0}, {0, 1, 0, 0, 1, 0, 1, 1, 0, 0}, {0, 0, 1, 0, 1, 0, 1, 1, 1, 0}, {0, 1, 1, 0, 1, 0, 1, 0, 1, 0}, {0, 1, 1, 0, 1, 0, 1, 1, 0, 1}, {0, 1, 1, 0, 1, 0, 1, 0, 0, 1}, {1, 1, 1, 1, 1, 0, 1, 1, 1, 1}, {1, 1, 1, 1, 1, 0, 1, 0, 1, 1}, {0, 0, 1, 1, 1, 1, 1, 1, 1, 0}, {0, 1, 1, 1, 1, 1, 1, 0, 1, 0}, {0, 1, 1, 1, 1, 1, 1, 1, 0, 0}, {0, 1, 1, 1, 1, 1, 1, 0, 0, 0}, {0, 0, 0, 1, 1, 1, 1, 1, 1, 0}, {0, 1, 0, 1, 1, 1, 1, 0, 1, 0}, {0, 1, 0, 1, 1, 1, 1, 1, 0, 1}, {0, 1, 0, 1, 1, 1, 1, 0, 0, 1}, {1, 1, 0, 1, 1, 1, 1, 1, 1, 1}, {1, 1, 0, 1, 1, 1, 1, 0, 1, 1}, {0, 0, 0, 0, 0, 0, 0, 1, 1, 0}, {0, 1, 0, 0, 0, 0, 0, 0, 1, 0}, {0, 1, 0, 0, 0, 0, 0, 1, 0, 0}, {0, 0, 1, 0, 0, 0, 0, 1, 1, 0}, {0, 1, 1, 0, 0, 0, 0, 0, 1, 0}, {0, 1, 1, 0, 0, 0, 0, 1, 0, 1}, {0, 1, 1, 0, 0, 0, 0, 0, 0, 1}, {1, 1, 1, 1, 0, 0, 0, 1, 1, 1}, {1, 1, 1, 1, 0, 0, 0, 0, 1, 1}, {0, 0, 1, 1, 0, 1, 0, 1, 1, 0}, {0, 1, 1, 1, 0, 1, 0, 0, 1, 0}, {0, 1, 1, 1, 0, 1, 0, 1, 0, 0}, {0, 1, 1, 1, 0, 1, 0, 0, 0, 0}, {0, 0, 0, 1, 0, 1, 0, 1, 1, 0}, {0, 1, 0, 1, 0, 1, 0, 0, 1, 0}, {0, 1, 0, 1, 0, 1, 0, 1, 0, 1}, {0, 1, 0, 1, 0, 1, 0, 0, 0, 1}, {1, 1, 0, 1, 0, 1, 0, 1, 1, 1}, {1, 1, 0, 1, 0, 1, 0, 0, 1, 1}, {0, 1, 1, 0, 1, 1, 1, 1, 0, 1}, {0, 1, 1, 0, 1, 1, 1, 0, 0, 1}, {1, 1, 1, 1, 1, 1, 1, 1, 1, 1}, {1, 1, 1, 1, 1, 1, 1, 0, 1, 1}, {0, 1, 0, 1, 1, 0, 1, 1, 0, 1}, {0, 1, 0, 1, 1, 0, 1, 0, 0, 1}, {1, 1, 0, 1, 1, 0, 1, 1, 1, 1}, {1, 1, 0, 1, 1, 0, 1, 0, 1, 1}, {0, 1, 1, 0, 0, 1, 0, 1, 0, 1}, {0, 1, 1, 0, 0, 1, 0, 0, 0, 1}, {1, 1, 1, 1, 0, 1, 0, 1, 1, 1}, {1, 1, 1, 1, 0, 1, 0, 0, 1, 1}, {0, 1, 0, 1, 0, 0, 0, 1, 0, 1}, {0, 1, 0, 1, 0, 0, 0, 0, 0, 1}, {1, 1, 0, 1, 0, 0, 0, 1, 1, 1}, {1, 1, 0, 1, 0, 0, 0, 0, 1, 1}, {0, 1, 0, 0, 1, 0, 1, 1, 0, 1}, {0, 1, 0, 0, 1, 0, 1, 0, 0, 1}, {0, 0, 1, 0, 1, 0, 1, 1, 0, 1}, {0, 0, 1, 0, 1, 0, 1, 1, 1, 1}, {0, 1, 1, 0, 1, 0, 1, 0, 1, 1}, {0, 1, 1, 1, 1, 1, 1, 1, 0, 1}, {0, 1, 1, 1, 1, 1, 1, 0, 0, 1}, {0, 0, 0, 0, 1, 1, 1, 1, 0, 1}, {0, 1, 0, 0, 1, 1, 1, 0, 0, 1}, {0, 0, 0, 1, 1, 1, 1, 1, 1, 1}, {0, 1, 0, 1, 1, 1, 1, 0, 1, 1}, {0, 1, 0, 0, 0, 0, 0, 1, 0, 1}, {0, 1, 0, 0, 0, 0, 0, 0, 0, 1}, {0, 0, 1, 0, 0, 0, 0, 1, 0, 1}, {0, 0, 1, 0, 0, 0, 0, 1, 1, 1}, {0, 1, 1, 0, 0, 0, 0, 0, 1, 1}, {0, 1, 1, 1, 0, 1, 0, 1, 0, 1}, {0, 1, 1, 1, 0, 1, 0, 0, 0, 1}, {0, 0, 0, 0, 0, 1, 0, 1, 0, 1}, {0, 1, 0, 0, 0, 1, 0, 0, 0, 1}, {0, 0, 0, 1, 0, 1, 0, 1, 1, 1}, {0, 1, 0, 1, 0, 1, 0, 0, 1, 1}, {0, 1, 0, 0, 1, 1, 1, 1, 1, 0}, {0, 1, 1, 0, 1, 1, 1, 1, 1, 0}, {0, 1, 1, 0, 1, 0, 1, 1, 0, 0}, {0, 1, 1, 1, 1, 0, 1, 1, 1, 0}, {0, 1, 0, 1, 1, 0, 1, 1, 1, 0}, {0, 1, 0, 0, 0, 1, 0, 1, 1, 0}, {0, 1, 1, 0, 0, 1, 0, 1, 1, 0}, {0, 1, 1, 0, 0, 0, 0, 1, 0, 0}, {0, 1, 1, 1, 0, 0, 0, 1, 1, 0}, {0, 1, 0, 1, 0, 0, 0, 1, 1, 0}, {0, 1, 0, 0, 1, 0, 1, 1, 1, 0}, {0, 1, 1, 0, 1, 0, 1, 1, 1, 0}, {0, 1, 1, 1, 1, 1, 1, 1, 1, 0}, {0, 1, 0, 1, 1, 1, 1, 1, 1, 0}, {0, 1, 0, 0, 0, 0, 0, 1, 1, 0}, {0, 1, 1, 0, 0, 0, 0, 1, 1, 0}, {0, 1, 1, 1, 0, 1, 0, 1, 1, 0}, {0, 1, 0, 1, 0, 1, 0, 1, 1, 0}, {0, 1, 1, 0, 1, 0, 1, 1, 1, 1}, {0, 1, 0, 0, 1, 1, 1, 1, 0, 1}, {0, 1, 0, 1, 1, 1, 1, 1, 1, 1}, {0, 1, 1, 0, 0, 0, 0, 1, 1, 1}, {0, 1, 0, 0, 0, 1, 0, 1, 0, 1}, {0, 1, 0, 1, 0, 1, 0, 1, 1, 1}, {1, 1, 0, 1, 1, 1, 1, 1, 0, 0}, {1, 1, 0, 1, 1, 1, 1, 0, 0, 0}, {1, 1, 1, 1, 1, 1, 1, 1, 0, 0}, {1, 1, 1, 1, 1, 1, 1, 0, 0, 0}, {0, 0, 1, 1, 1, 0, 1, 1, 0, 0}, {1, 1, 1, 1, 1, 0, 1, 1, 0, 0}, {1, 1, 1, 1, 1, 0, 1, 0, 0, 0}, {0, 0, 0, 1, 1, 0, 1, 1, 0, 0}, {1, 1, 0, 1, 1, 0, 1, 1, 0, 0}, {1, 1, 0, 1, 1, 0, 1, 0, 0, 0}, {1, 1, 0, 1, 0, 1, 0, 1, 0, 0}, {1, 1, 0, 1, 0, 1, 0, 0, 0, 0}, {1, 1, 1, 1, 0, 1, 0, 1, 0, 0}, {1, 1, 1, 1, 0, 1, 0, 0, 0, 0}, {0, 0, 1, 1, 0, 0, 0, 1, 0, 0}, {1, 1, 1, 1, 0, 0, 0, 1, 0, 0}, {1, 1, 1, 1, 0, 0, 0, 0, 0, 0}, {0, 0, 0, 1, 0, 0, 0, 1, 0, 0}, {1, 1, 0, 1, 0, 0, 0, 1, 0, 0}, {1, 1, 0, 1, 0, 0, 0, 0, 0, 0}, {1, 1, 1, 1, 1, 0, 1, 1, 0, 1}, {1, 1, 1, 1, 1, 0, 1, 0, 0, 1}, {0, 0, 1, 1, 1, 1, 1, 1, 0, 0}, {0, 0, 0, 1, 1, 1, 1, 1, 0, 0}, {0, 1, 0, 1, 1, 1, 1, 0, 0, 0}, {1, 1, 0, 1, 1, 1, 1, 1, 0, 1}, {1, 1, 0, 1, 1, 1, 1, 0, 0, 1}, {1, 1, 1, 1, 0, 0, 0, 1, 0, 1}, {1, 1, 1, 1, 0, 0, 0, 0, 0, 1}, {0, 0, 1, 1, 0, 1, 0, 1, 0, 0}, {0, 0, 0, 1, 0, 1, 0, 1, 0, 0}, {0, 1, 0, 1, 0, 1, 0, 0, 0, 0}, {1, 1, 0, 1, 0, 1, 0, 1, 0, 1}, {1, 1, 0, 1, 0, 1, 0, 0, 0, 1}, {1, 1, 1, 1, 1, 1, 1, 1, 0, 1}, {1, 1, 1, 1, 1, 1, 1, 0, 0, 1}, {1, 1, 0, 1, 1, 0, 1, 1, 0, 1}, {1, 1, 0, 1, 1, 0, 1, 0, 0, 1}, {1, 1, 1, 1, 0, 1, 0, 1, 0, 1}, {1, 1, 1, 1, 0, 1, 0, 0, 0, 1}, {1, 1, 0, 1, 0, 0, 0, 1, 0, 1}, {1, 1, 0, 1, 0, 0, 0, 0, 0, 1}, {0, 0, 0, 1, 1, 1, 1, 1, 0, 1}, {0, 0, 0, 1, 0, 1, 0, 1, 0, 1}, {0, 1, 0, 1, 1, 1, 1, 1, 0, 0}, {0, 1, 0, 1, 0, 1, 0, 1, 0, 0}}
Out = 206

(* Genuine recurrent attractors of the 10-node transition graph *)
In := attractors10 = {{"0000010100"}, {"1101010110", "0110010110"}, {"1111010101", "1111010001", "1111010000", "1111010010", "1111010110", "1111010111"}, {"1111010100", "1111010011"}}
Out = <|"Periods" -> {1, 2, 6, 2}, "Basins" -> {488, 320, 204, 12}|>

(* Dynamical status of the four full-output cases *)
In := fullStatus10 = {<|"Name" -> "F1", "Reachable" -> True, "Recurrent" -> False, "CycleID" -> 2, "TransientLength" -> 3|>, <|"Name" -> "F2", "Reachable" -> True, "Recurrent" -> False, "CycleID" -> 2, "TransientLength" -> 3|>, <|"Name" -> "F3", "Reachable" -> True, "Recurrent" -> False, "CycleID" -> 2, "TransientLength" -> 3|>, <|"Name" -> "F4", "Reachable" -> True, "Recurrent" -> False, "CycleID" -> 1, "TransientLength" -> 6|>}

(* Dynamical status of the subsystem families *)
In := subsystemStatus10 = {<|"Name" -> "S1", "Rows" -> 16, "DistinctOutputs" -> {"0110111101", "0110111001", "0000111101", "0100111001", "0100111101"}, "RecurrentOutputs" -> {}, "CycleIDs" -> {3, 4, 1, 2}|>, <|"Name" -> "S2", "Rows" -> 12, "DistinctOutputs" -> {"0110111101", "0000111101", "0100111101"}, "RecurrentOutputs" -> {}, "CycleIDs" -> {3, 1, 2}|>}

Out = True
